10,10
10,120
10,124
10,302
10,248
10,296
10,147
10,2
10,3
9,7
9,6
9,4
8,5
8,12
8,18
8,4
8,3
121,4
121,3
121,2
121,1
121,0
20,2
20,1
12,3
12,2
20,3
12,1
11,29
11,28
11,27
11,26
11,25
11,24
11,23
11,22
11,21
11,20
11,19
11,18
11,17
11,16
11,15
19,2
11,14
19,1
11,13
11,12
11,11
11,10
11,9
11,8
11,7
11,6
11,5
11,4
11,3
11,2
19,3
11,1
10,314
10,313
10,312
10,308
10,305
10,300
10,293
10,292
10,289
10,286
10,278
10,272
10,271
10,270
10,262
10,261
10,258
10,257
10,255
10,253
10,251
10,250
10,249
10,247
10,246
10,239
10,237
10,230
10,220
10,216
10,214
10,210
10,208
10,196
10,195
10,191
10,187
10,183
10,182
10,180
10,177
10,175
10,172
10,169
10,165
10,164
10,159
10,158
10,155
18,1
10,137
18,3
14,1
10,103
14,3
13,1
10,18
13,3
10,1
